1.025527250510330646e+01 3.940674327035279845e+01 5.000000000000000000e-01 1.454608901815923616e-01
1.074036268949424411e+01 4.005753297719297734e+01 5.000000000000000000e-01 7.591036184519595054e-02
1.111394335230683694e+01 4.078196374437419536e+01 2.500000000000000000e-01 3.793879631344765357e-02
1.134242268082220662e+01 4.135834722519793161e+01 2.500000000000000000e-01 2.163978716303915917e-02
1.175164337575142426e+01 4.318160429706574632e+01 9.654669893564538086e-02 9.957828383717526322e-02
1.165203632862310279e+01 4.276599635992364767e+01 1.002003799411870233e-01 5.456563235228983899e-02
1.155263746844666528e+01 4.246967638833400116e+01 1.016576886043658590e-01 6.033648510675959642e-02
1.145264527545736044e+01 4.206212988857814850e+01 9.843079085018402452e-02 6.417188262973283486e-02
1.135180992531293143e+01 4.157141208327784199e+01 9.990891820855196670e-02 8.995427708971348579e-02
1.125094334712571964e+01 4.124408931504417097e+01 9.640096806932518803e-02 8.398810316509042195e-02
1.115332448538787879e+01 4.098555511164380505e+01 1.053842350430684860e-01 1.114573622763792571e-01
1.105090691440913986e+01 4.056341279353664220e+01 9.876388997319729413e-02 5.259288853375956307e-01
